{
    "fl_x": 618.0172729492188,
    "fl_y": 618.0033569335938,
    "cx": 312.376953125,
    "cy": 232.37530517578125,
    "w": 640,
    "h": 480,
    "camera_model": "OPENCV",
    "frames": [
        {
            "file_path": "images/frame_00001.jpg",
            "transform_matrix": [
                [
                    0.9637102484703064,
                    0.15319141745567322,
                    -0.2186206430196762,
                    0.03353384882211685
                ],
                [
                    0.01715235598385334,
                    0.7817294001579285,
                    0.6233818531036377,
                    -0.0868421196937561
                ],
                [
                    0.26639893651008606,
                    -0.6045092940330505,
                    0.7507330179214478,
                    -0.1517178863286972
                ],
                [
                    0.0,
                    0.0,
                    0.0,
                    1.0
                ]
            ]
        },
        {
            "file_path": "images/frame_00002.jpg",
            "transform_matrix": [
                [
                    0.9648025631904602,
                    0.15085653960704803,
                    -0.21540269255638123,
                    0.03541014343500137
                ],
                [
                    0.01681092381477356,
                    0.7820426821708679,
                    0.6229981184005737,
                    -0.08660199493169785
                ],
                [
                    0.2624374330043793,
                    -0.6046913266181946,
                    0.751980721950531,
                    -0.15103740990161896
                ],
                [
                    0.0,
                    0.0,
                    0.0,
                    1.0
                ]
            ]
        },
        {
            "file_path": "images/frame_00003.jpg",
            "transform_matrix": [
                [
                    0.966693103313446,
                    0.1476805955171585,
                    -0.20903320610523224,
                    0.037464600056409836
                ],
                [
                    0.015278053469955921,
                    0.7819788455963135,
                    0.6231176853179932,
                    -0.08640972524881363
                ],
                [
                    0.25548192858695984,
                    -0.6055572032928467,
                    0.7536773085594177,
                    -0.15072359144687653
                ],
                [
                    0.0,
                    0.0,
                    0.0,
                    1.0
                ]
            ]
        },
        {
            "file_path": "images/frame_00004.jpg",
            "transform_matrix": [
                [
                    0.9684517979621887,
                    0.1446833610534668,
                    -0.20289857685565948,
                    0.03994876891374588
                ],
                [
                    0.01318889670073986,
                    0.7832974791526794,
                    0.6215071678161621,
                    -0.08604538440704346
                ],
                [
                    0.2488516867160797,
                    -0.6045757532119751,
                    0.7566776275634766,
                    -0.14991691708564758
                ],
                [
                    0.0,
                    0.0,
                    0.0,
                    1.0
                ]
            ]
        },
        {
            "file_path": "images/frame_00005.jpg",
            "transform_matrix": [
                [
                    0.9702520966529846,
                    0.14106939733028412,
                    -0.19674919545650482,
                    0.04275597631931305
                ],
                [
                    0.012100146152079105,
                    0.7834154367446899,
                    0.6213805675506592,
                    -0.08583259582519531
                ],
                [
                    0.2417941391468048,
                    -0.6052765250205994,
                    0.7584035396575928,
                    -0.14963005483150482
                ],
                [
                    0.0,
                    0.0,
                    0.0,
                    1.0
                ]
            ]
        },
        {
            "file_path": "images/frame_00006.jpg",
            "transform_matrix": [
                [
                    0.9717007279396057,
                    0.13772167265415192,
                    -0.19191265106201172,
                    0.045988213270902634
                ],
                [
                    0.011572849936783314,
                    0.7837158441543579,
                    0.6210117340087891,
                    -0.08568097651004791
                ],
                [
                    0.23593175411224365,
                    -0.6056585311889648,
                    0.759943425655365,
                    -0.14869503676891327
                ],
                [
                    0.0,
                    0.0,
                    0.0,
                    1.0
                ]
            ]
        },
        {
            "file_path": "images/frame_00007.jpg",
            "transform_matrix": [
                [
                    0.9745622277259827,
                    0.13242033123970032,
                    -0.1808130145072937,
                    0.05079657956957817
                ],
                [
                    0.008752151392400265,
                    0.78367680311203,
                    0.6211071610450745,
                    -0.08535219728946686
                ],
                [
                    0.22394618391990662,
                    -0.606890082359314,
                    0.7625828385353088,
                    -0.14768725633621216
                ],
                [
                    0.0,
                    0.0,
                    0.0,
                    1.0
                ]
            ]
        },
        {
            "file_path": "images/frame_00008.jpg",
            "transform_matrix": [
                [
                    0.9772758483886719,
                    0.12761107087135315,
                    -0.16925525665283203,
                    0.055075399577617645
                ],
                [
                    0.004694720264524221,
                    0.7852547764778137,
                    0.6191549897193909,
                    -0.08497229963541031
                ],
                [
                    0.21191953122615814,
                    -0.6058798432350159,
                    0.7668114304542542,
                    -0.1465040147304535
                ],
                [
                    0.0,
                    0.0,
                    0.0,
                    1.0
                ]
            ]
        },
        {
            "file_path": "images/frame_00009.jpg",
            "transform_matrix": [
                [
                    0.9803330302238464,
                    0.12265178561210632,
                    -0.15460820496082306,
                    0.060148097574710846
                ],
                [
                    -0.0008241153554990888,
                    0.785957396030426,
                    0.6182801127433777,
                    -0.08460690081119537
                ],
                [
                    0.19734862446784973,
                    -0.6059929728507996,
                    0.7706010937690735,
                    -0.14560042321681976
                ],
                [
                    0.0,
                    0.0,
                    0.0,
                    1.0
                ]
            ]
        },
        {
            "file_path": "images/frame_00010.jpg",
            "transform_matrix": [
                [
                    0.9831938147544861,
                    0.11589943617582321,
                    -0.1410577893257141,
                    0.06499635428190231
                ],
                [
                    -0.004021177068352699,
                    0.7862046957015991,
                    0.6179530620574951,
                    -0.08450853824615479
                ],
                [
                    0.18252071738243103,
                    -0.6070003509521484,
                    0.7734576463699341,
                    -0.1448061466217041
                ],
                [
                    0.0,
                    0.0,
                    0.0,
                    1.0
                ]
            ]
        },
        {
            "file_path": "images/frame_00011.jpg",
            "transform_matrix": [
                [
                    0.9860715270042419,
                    0.10772355645895004,
                    -0.12672263383865356,
                    0.07098057866096497
                ],
                [
                    -0.006399908103048801,
                    0.7859224081039429,
                    0.6182920336723328,
                    -0.08470126986503601
                ],
                [
                    0.16619877517223358,
                    -0.6088691353797913,
                    0.7756651043891907,
                    -0.14470034837722778
                ],
                [
                    0.0,
                    0.0,
                    0.0,
                    1.0
                ]
            ]
        },
        {
            "file_path": "images/frame_00012.jpg",
            "transform_matrix": [
                [
                    0.9890956282615662,
                    0.09732651710510254,
                    -0.11053232103586197,
                    0.07588265836238861
                ],
                [
                    -0.008257878012955189,
                    0.7859877943992615,
                    0.6181868314743042,
                    -0.08458267152309418
                ],
                [
                    0.14704301953315735,
                    -0.6105331182479858,
                    0.7782208323478699,
                    -0.14435069262981415
                ],
                [
                    0.0,
                    0.0,
                    0.0,
                    1.0
                ]
            ]
        },
        {
            "file_path": "images/frame_00013.jpg",
            "transform_matrix": [
                [
                    0.991895318031311,
                    0.08560848236083984,
                    -0.09388736635446548,
                    0.08078397810459137
                ],
                [
                    -0.009263865649700165,
                    0.7856957912445068,
                    0.6185436844825745,
                    -0.08449003845453262
                ],
                [
                    0.12671950459480286,
                    -0.612660825252533,
                    0.7801210284233093,
                    -0.14401502907276154
                ],
                [
                    0.0,
                    0.0,
                    0.0,
                    1.0
                ]
            ]
        },
        {
            "file_path": "images/frame_00014.jpg",
            "transform_matrix": [
                [
                    0.9942455291748047,
                    0.07417015731334686,
                    -0.07729557156562805,
                    0.085494764149189
                ],
                [
                    -0.010276523418724537,
                    0.7842530012130737,
                    0.6203560829162598,
                    -0.08458170294761658
                ],
                [
                    0.10663118958473206,
                    -0.6159919500350952,
                    0.7805022597312927,
                    -0.1438474953174591
                ],
                [
                    0.0,
                    0.0,
                    0.0,
                    1.0
                ]
            ]
        },
        {
            "file_path": "images/frame_00015.jpg",
            "transform_matrix": [
                [
                    0.9963584542274475,
                    0.06303510814905167,
                    -0.05741473659873009,
                    0.08991716802120209
                ],
                [
                    -0.013785396702587605,
                    0.7836140990257263,
                    0.6210949420928955,
                    -0.08513030409812927
                ],
                [
                    0.08414178341627121,
                    -0.6180416941642761,
                    0.7816294431686401,
                    -0.14363080263137817
                ],
                [
                    0.0,
                    0.0,
                    0.0,
                    1.0
                ]
            ]
        },
        {
            "file_path": "images/frame_00016.jpg",
            "transform_matrix": [
                [
                    0.9983198046684265,
                    0.04687567427754402,
                    -0.03406161814928055,
                    0.09395226091146469
                ],
                [
                    -0.015583192929625511,
                    0.783376157283783,
                    0.6213525533676147,
                    -0.0858372300863266
                ],
                [
                    0.0558093823492527,
                    -0.6197777986526489,
                    0.7827904224395752,
                    -0.1436394304037094
                ],
                [
                    0.0,
                    0.0,
                    0.0,
                    1.0
                ]
            ]
        },
        {
            "file_path": "images/frame_00017.jpg",
            "transform_matrix": [
                [
                    0.9994800686836243,
                    0.030277004465460777,
                    -0.011083475314080715,
                    0.09743780642747879
                ],
                [
                    -0.016868479549884796,
                    0.7840041518211365,
                    0.6205263137817383,
                    -0.08644740283489227
                ],
                [
                    0.027477169409394264,
                    -0.6200167536735535,
                    0.7841072678565979,
                    -0.1434708535671234
                ],
                [
                    0.0,
                    0.0,
                    0.0,
                    1.0
                ]
            ]
        },
        {
            "file_path": "images/frame_00018.jpg",
            "transform_matrix": [
                [
                    0.9998500943183899,
                    0.007519455160945654,
                    0.015595325268805027,
                    0.10132329165935516
                ],
                [
                    -0.015569355338811874,
                    0.7845043540000916,
                    0.6199278235435486,
                    -0.08750083297491074
                ],
                [
                    -0.007573080714792013,
                    -0.6200777292251587,
                    0.7845038175582886,
                    -0.14402557909488678
                ],
                [
                    0.0,
                    0.0,
                    0.0,
                    1.0
                ]
            ]
        },
        {
            "file_path": "images/frame_00019.jpg",
            "transform_matrix": [
                [
                    0.9993904829025269,
                    -0.010665353387594223,
                    0.03324037417769432,
                    0.10420092195272446
                ],
                [
                    -0.012225504964590073,
                    0.7849603295326233,
                    0.6194254159927368,
                    -0.08849664032459259
                ],
                [
                    -0.03269876539707184,
                    -0.6194542646408081,
                    0.7843514680862427,
                    -0.14426182210445404
                ],
                [
                    0.0,
                    0.0,
                    0.0,
                    1.0
                ]
            ]
        },
        {
            "file_path": "images/frame_00020.jpg",
            "transform_matrix": [
                [
                    0.9983747005462646,
                    -0.0254251416772604,
                    0.051005519926548004,
                    0.10777802765369415
                ],
                [
                    -0.011615521274507046,
                    0.785408079624176,
                    0.6188693642616272,
                    -0.08924923092126846
                ],
                [
                    -0.055794987827539444,
                    -0.6184559464454651,
                    0.7838361859321594,
                    -0.14412282407283783
                ],
                [
                    0.0,
                    0.0,
                    0.0,
                    1.0
                ]
            ]
        },
        {
            "file_path": "images/frame_00021.jpg",
            "transform_matrix": [
                [
                    0.9970327019691467,
                    -0.036692045629024506,
                    0.06767167150974274,
                    0.11147571355104446
                ],
                [
                    -0.012965700589120388,
                    0.7864888906478882,
                    0.6174682974815369,
                    -0.08978670835494995
                ],
                [
                    -0.07587919384241104,
                    -0.6165134906768799,
                    0.7836794257164001,
                    -0.14420795440673828
                ],
                [
                    0.0,
                    0.0,
                    0.0,
                    1.0
                ]
            ]
        },
        {
            "file_path": "images/frame_00022.jpg",
            "transform_matrix": [
                [
                    0.9953609704971313,
                    -0.047524914145469666,
                    0.0836532711982727,
                    0.11637436598539352
                ],
                [
                    -0.01455293595790863,
                    0.7851045727729797,
                    0.6191922426223755,
                    -0.09018418192863464
                ],
                [
                    -0.09510362148284912,
                    -0.6175372004508972,
                    0.7807708382606506,
                    -0.14405317604541779
                ],
                [
                    0.0,
                    0.0,
                    0.0,
                    1.0
                ]
            ]
        },
        {
            "file_path": "images/frame_00023.jpg",
            "transform_matrix": [
                [
                    0.9932208061218262,
                    -0.05686620622873306,
                    0.10138380527496338,
                    0.12179946154356003
                ],
                [
                    -0.018288590013980865,
                    0.7848644852638245,
                    0.6193974614143372,
                    -0.09040559828281403
                ],
                [
                    -0.11479533463716507,
                    -0.6170526146888733,
                    0.7785037755966187,
                    -0.14418263733386993
                ],
                [
                    0.0,
                    0.0,
                    0.0,
                    1.0
                ]
            ]
        },
        {
            "file_path": "images/frame_00024.jpg",
            "transform_matrix": [
                [
                    0.9901918768882751,
                    -0.0672224834561348,
                    0.12247952818870544,
                    0.1274699717760086
                ],
                [
                    -0.023070698603987694,
                    0.785937488079071,
                    0.6178753972053528,
                    -0.09088291972875595
                ],
                [
                    -0.13779637217521667,
                    -0.6146408915519714,
                    0.7766780257225037,
                    -0.14462506771087646
                ],
                [
                    0.0,
                    0.0,
                    0.0,
                    1.0
                ]
            ]
        },
        {
            "file_path": "images/frame_00025.jpg",
            "transform_matrix": [
                [
                    0.9876309633255005,
                    -0.08086813986301422,
                    0.13433316349983215,
                    0.1333797127008438
                ],
                [
                    -0.01998455822467804,
                    0.7848274111747742,
                    0.6193920969963074,
                    -0.09155655652284622
                ],
                [
                    -0.15551742911338806,
                    -0.6144154071807861,
                    0.7735037207603455,
                    -0.1459754854440689
                ],
                [
                    0.0,
                    0.0,
                    0.0,
                    1.0
                ]
            ]
        },
        {
            "file_path": "images/frame_00026.jpg",
            "transform_matrix": [
                [
                    0.9862467646598816,
                    -0.09132660925388336,
                    0.13775639235973358,
                    0.1389106661081314
                ],
                [
                    -0.014524111524224281,
                    0.7823613286018372,
                    0.62265545129776,
                    -0.09219210594892502
                ],
                [
                    -0.16464027762413025,
                    -0.6160926818847656,
                    0.7702748775482178,
                    -0.1479334831237793
                ],
                [
                    0.0,
                    0.0,
                    0.0,
                    1.0
                ]
            ]
        },
        {
            "file_path": "images/frame_00027.jpg",
            "transform_matrix": [
                [
                    0.9813930988311768,
                    -0.10315848141908646,
                    0.16194425523281097,
                    0.14354032278060913
                ],
                [
                    -0.020200977101922035,
                    0.7832653522491455,
                    0.6213592886924744,
                    -0.09269965440034866
                ],
                [
                    -0.19094379246234894,
                    -0.6130691170692444,
                    0.7666072845458984,
                    -0.15105445683002472
                ],
                [
                    0.0,
                    0.0,
                    0.0,
                    1.0
                ]
            ]
        },
        {
            "file_path": "images/frame_00028.jpg",
            "transform_matrix": [
                [
                    0.9710478186607361,
                    -0.13095355033874512,
                    0.19979320466518402,
                    0.1479528546333313
                ],
                [
                    -0.023318054154515266,
                    0.7804021835327148,
                    0.6248429417610168,
                    -0.09329232573509216
                ],
                [
                    -0.23774445056915283,
                    -0.6114111542701721,
                    0.7547542452812195,
                    -0.15578296780586243
                ],
                [
                    0.0,
                    0.0,
                    0.0,
                    1.0
                ]
            ]
        },
        {
            "file_path": "images/frame_00029.jpg",
            "transform_matrix": [
                [
                    0.9657949805259705,
                    -0.14923889935016632,
                    0.21205615997314453,
                    0.150976300239563
                ],
                [
                    -0.0169687457382679,
                    0.7796540260314941,
                    0.6259805560112,
                    -0.09345433861017227
                ],
                [
                    -0.2587510943412781,
                    -0.6081672310829163,
                    0.750453531742096,
                    -0.1595054715871811
                ],
                [
                    0.0,
                    0.0,
                    0.0,
                    1.0
                ]
            ]
        },
        {
            "file_path": "images/frame_00030.jpg",
            "transform_matrix": [
                [
                    0.9596070647239685,
                    -0.1633474975824356,
                    0.22906748950481415,
                    0.15402927994728088
                ],
                [
                    -0.01665235124528408,
                    0.7797866463661194,
                    0.6258238554000854,
                    -0.09319242835044861
                ],
                [
                    -0.28085052967071533,
                    -0.60435950756073,
                    0.7455686330795288,
                    -0.1632547527551651
                ],
                [
                    0.0,
                    0.0,
                    0.0,
                    1.0
                ]
            ]
        },
        {
            "file_path": "images/frame_00031.jpg",
            "transform_matrix": [
                [
                    0.951464831829071,
                    -0.18046069145202637,
                    0.2492961585521698,
                    0.15689510107040405
                ],
                [
                    -0.016760699450969696,
                    0.7784544825553894,
                    0.62747722864151,
                    -0.09312937408685684
                ],
                [
                    -0.3073006868362427,
                    -0.6012008786201477,
                    0.7376474738121033,
                    -0.1669043004512787
                ],
                [
                    0.0,
                    0.0,
                    0.0,
                    1.0
                ]
            ]
        },
        {
            "file_path": "images/frame_00032.jpg",
            "transform_matrix": [
                [
                    0.9414470195770264,
                    -0.20332656800746918,
                    0.2689531445503235,
                    0.15850266814231873
                ],
                [
                    -0.011393841356039047,
                    0.7780579924583435,
                    0.6280891299247742,
                    -0.0928017795085907
                ],
                [
                    -0.3369683623313904,
                    -0.5943771004676819,
                    0.7301836609840393,
                    -0.1701759546995163
                ],
                [
                    0.0,
                    0.0,
                    0.0,
                    1.0
                ]
            ]
        },
        {
            "file_path": "images/frame_00033.jpg",
            "transform_matrix": [
                [
                    0.9302275776863098,
                    -0.22629261016845703,
                    0.2889087498188019,
                    0.1603635549545288
                ],
                [
                    -0.006654852069914341,
                    0.7767223119735718,
                    0.6298080086708069,
                    -0.09269065409898758
                ],
                [
                    -0.3669227957725525,
                    -0.5877874493598938,
                    0.7210226058959961,
                    -0.17349185049533844
                ],
                [
                    0.0,
                    0.0,
                    0.0,
                    1.0
                ]
            ]
        },
        {
            "file_path": "images/frame_00034.jpg",
            "transform_matrix": [
                [
                    0.9211789965629578,
                    -0.2488240748643875,
                    0.29919201135635376,
                    0.16311776638031006
                ],
                [
                    0.0026765631046146154,
                    0.7728893160820007,
                    0.6345352530479431,
                    -0.09265268594026566
                ],
                [
                    -0.3891299366950989,
                    -0.5837197303771973,
                    0.7126353979110718,
                    -0.1771925985813141
                ],
                [
                    0.0,
                    0.0,
                    0.0,
                    1.0
                ]
            ]
        },
        {
            "file_path": "images/frame_00035.jpg",
            "transform_matrix": [
                [
                    0.9105224609375,
                    -0.26817360520362854,
                    0.3146930932998657,
                    0.16621479392051697
                ],
                [
                    0.005663663148880005,
                    0.7691401243209839,
                    0.6390550136566162,
                    -0.09248388558626175
                ],
                [
                    -0.41342079639434814,
                    -0.580091655254364,
                    0.7018382549285889,
                    -0.1806502789258957
                ],
                [
                    0.0,
                    0.0,
                    0.0,
                    1.0
                ]
            ]
        },
        {
            "file_path": "images/frame_00036.jpg",
            "transform_matrix": [
                [
                    0.8962996006011963,
                    -0.2884218990802765,
                    0.336838036775589,
                    0.1685294508934021
                ],
                [
                    0.006655340548604727,
                    0.7682503461837769,
                    0.6401149034500122,
                    -0.0926075279712677
                ],
                [
                    -0.4433991014957428,
                    -0.5714929699897766,
                    0.6905019879341125,
                    -0.18422642350196838
                ],
                [
                    0.0,
                    0.0,
                    0.0,
                    1.0
                ]
            ]
        },
        {
            "file_path": "images/frame_00037.jpg",
            "transform_matrix": [
                [
                    0.8825110793113708,
                    -0.3109588325023651,
                    0.35281556844711304,
                    0.17082008719444275
                ],
                [
                    0.011860450729727745,
                    0.7646833062171936,
                    0.6442970633506775,
                    -0.09263088554143906
                ],
                [
                    -0.47014206647872925,
                    -0.5644147396087646,
                    0.6785296201705933,
                    -0.18787997961044312
                ],
                [
                    0.0,
                    0.0,
                    0.0,
                    1.0
                ]
            ]
        },
        {
            "file_path": "images/frame_00038.jpg",
            "transform_matrix": [
                [
                    0.8695322871208191,
                    -0.33143150806427,
                    0.36615127325057983,
                    0.17284515500068665
                ],
                [
                    0.019516542553901672,
                    0.7638630867004395,
                    0.6450831890106201,
                    -0.09235917776823044
                ],
                [
                    -0.4934903383255005,
                    -0.5537746548652649,
                    0.6706719994544983,
                    -0.19153432548046112
                ],
                [
                    0.0,
                    0.0,
                    0.0,
                    1.0
                ]
            ]
        },
        {
            "file_path": "images/frame_00039.jpg",
            "transform_matrix": [
                [
                    0.8565305471420288,
                    -0.3509281575679779,
                    0.37842419743537903,
                    0.1761985421180725
                ],
                [
                    0.021941926330327988,
                    0.7573416829109192,
                    0.6526501178741455,
                    -0.09298298507928848
                ],
                [
                    -0.5156297087669373,
                    -0.5507113933563232,
                    0.6563863158226013,
                    -0.19665169715881348
                ],
                [
                    0.0,
                    0.0,
                    0.0,
                    1.0
                ]
            ]
        },
        {
            "file_path": "images/frame_00040.jpg",
            "transform_matrix": [
                [
                    0.8503263592720032,
                    -0.36020296812057495,
                    0.3836651146411896,
                    0.17904254794120789
                ],
                [
                    0.024979962036013603,
                    0.7558519840240479,
                    0.6542658805847168,
                    -0.09347488731145859
                ],
                [
                    -0.5256625413894653,
                    -0.5467555522918701,
                    0.6517186760902405,
                    -0.20028197765350342
                ],
                [
                    0.0,
                    0.0,
                    0.0,
                    1.0
                ]
            ]
        },
        {
            "file_path": "images/frame_00041.jpg",
            "transform_matrix": [
                [
                    0.8447375893592834,
                    -0.36852025985717773,
                    0.3880866467952728,
                    0.18171849846839905
                ],
                [
                    0.023180127143859863,
                    0.7496641874313354,
                    0.6614123582839966,
                    -0.0943903923034668
                ],
                [
                    -0.5346785187721252,
                    -0.5497239828109741,
                    0.6418118476867676,
                    -0.20432613790035248
                ],
                [
                    0.0,
                    0.0,
                    0.0,
                    1.0
                ]
            ]
        },
        {
            "file_path": "images/frame_00042.jpg",
            "transform_matrix": [
                [
                    0.8361462354660034,
                    -0.3775125741958618,
                    0.3979242146015167,
                    0.18424972891807556
                ],
                [
                    0.02298111282289028,
                    0.7489427924156189,
                    0.6622360348701477,
                    -0.09493910521268845
                ],
                [
                    -0.5480248928070068,
                    -0.544581413269043,
                    0.6349014043807983,
                    -0.20810209214687347
                ],
                [
                    0.0,
                    0.0,
                    0.0,
                    1.0
                ]
            ]
        },
        {
            "file_path": "images/frame_00043.jpg",
            "transform_matrix": [
                [
                    0.8238299489021301,
                    -0.38731008768081665,
                    0.4138781428337097,
                    0.1867685317993164
                ],
                [
                    0.017868606373667717,
                    0.7475355863571167,
                    0.6639813780784607,
                    -0.0957159474492073
                ],
                [
                    -0.5665553212165833,
                    -0.539612352848053,
                    0.6227628588676453,
                    -0.21224835515022278
                ],
                [
                    0.0,
                    0.0,
                    0.0,
                    1.0
                ]
            ]
        },
        {
            "file_path": "images/frame_00044.jpg",
            "transform_matrix": [
                [
                    0.8135274648666382,
                    -0.39662009477615356,
                    0.42528289556503296,
                    0.1889670491218567
                ],
                [
                    0.01631780155003071,
                    0.7466030120849609,
                    0.6650696992874146,
                    -0.09565446525812149
                ],
                [
                    -0.5812974572181702,
                    -0.534112811088562,
                    0.6138540506362915,
                    -0.21623536944389343
                ],
                [
                    0.0,
                    0.0,
                    0.0,
                    1.0
                ]
            ]
        },
        {
            "file_path": "images/frame_00045.jpg",
            "transform_matrix": [
                [
                    0.8019616007804871,
                    -0.4061710834503174,
                    0.43804413080215454,
                    0.1909547746181488
                ],
                [
                    0.014983011409640312,
                    0.7467265129089355,
                    0.6649624705314636,
                    -0.0954064428806305
                ],
                [
                    -0.5971876978874207,
                    -0.526711106300354,
                    0.604931652545929,
                    -0.22059418261051178
                ],
                [
                    0.0,
                    0.0,
                    0.0,
                    1.0
                ]
            ]
        },
        {
            "file_path": "images/frame_00046.jpg",
            "transform_matrix": [
                [
                    0.7879602909088135,
                    -0.4152180552482605,
                    0.4546564817428589,
                    0.19196754693984985
                ],
                [
                    0.010233505629003048,
                    0.7471365332603455,
                    0.6645918488502502,
                    -0.09458950161933899
                ],
                [
                    -0.6156409978866577,
                    -0.5190192461013794,
                    0.5929630398750305,
                    -0.2247079610824585
                ],
                [
                    0.0,
                    0.0,
                    0.0,
                    1.0
                ]
            ]
        },
        {
            "file_path": "images/frame_00047.jpg",
            "transform_matrix": [
                [
                    0.7727912068367004,
                    -0.42681777477264404,
                    0.4697023630142212,
                    0.19330987334251404
                ],
                [
                    0.005645839963108301,
                    0.7446786761283875,
                    0.6673992872238159,
                    -0.09431803971529007
                ],
                [
